1 0.1654301875 0.076171875 0.14687499999999998 0.12187500000000001
1 0.26171925 0.1814453125 0.04062500000000002 0.057813
1 0.28515625 0.1749995 0.039063000000000014 0.046875
1 0.2880859375 0.29335887499999996 0.04531199999999996 0.05937600000000004
1 0.3265625 0.1984375 0.04843700000000001 0.046875
1 0.354296875 0.14609425 0.02812500000000001 0.04062399999999999
1 0.3638671875 0.39296875 0.021874999999999978 0.05625000000000002
1 0.3765625 0.35488231249999996 0.04843799999999998 0.05781300000000006
1 0.38046875 0.2287104375 0.024999999999999967 0.06093800000000002
1 0.3845703125 0.14043018750000003 0.026563000000000003 0.05312399999999999
1 0.4103515625 0.2369145625 0.03437499999999999 0.06562399999999999
1 0.5205073125 0.4658198125 0.026563000000000003 0.042188
1 0.5966791875 0.5623046875 0.05312600000000001 0.06875000000000009
1 0.6421875 0.9314448125000001 0.078125 0.07343799999999989
1 0.65 0.8412114375 0.0625 0.09374999999999989
1 0.6498051875 0.757812 0.05312399999999995 0.0625
1 0.6966801875 0.6009770625 0.08437399999999995 0.0812489999999999
1 0.7173828125 0.715625 0.042186999999999975 0.09375
1 0.7314453125 0.929296875 0.057813 0.09062499999999996
1 0.8212890625 0.0341796875 0.08125000000000004 0.06875
1 0.8498051874999999 0.3732426875 0.05312400000000017 0.03750000000000003
1 0.917578125 0.2857421875 0.06718799999999991 0.084375
