1 0.043944875 0.43456999999999996 0.027343999999999993 0.03125
1 0.0820311875 0.1816403125 0.022460999999999995 0.026366999999999974
1 0.106445125 0.27832018750000004 0.036133 0.022460999999999953
1 0.1103515 0.307617125 0.015625 0.037109
1 0.1103515 0.222656 0.017577999999999996 0.03125
1 0.13378925 0.29394499999999996 0.04003899999999999 0.03320300000000004
1 0.12988293750000002 0.20410106249999999 0.015624999999999986 0.01757900000000001
1 0.29785168749999996 0.378906 0.03808600000000001 0.03125
1 0.3017578125 0.18457 0.041016 0.03320299999999998
1 0.305664 0.28613249999999996 0.032227000000000006 0.04882800000000004
1 0.33398456249999997 0.2792964375 0.034179000000000015 0.029296999999999962
1 0.33398475 0.3046874375 0.024414000000000047 0.030272999999999994
1 0.3564453125 0.193359125 0.025390999999999997 0.03515700000000002
1 0.369140625 0.383789 0.05175799999999997 0.06250000000000006
1 0.39062531250000004 0.1943356875 0.02734299999999995 0.037110000000000004
1 0.45507768749999994 0.316406 0.03711000000000003 0.03125
1 0.505859125 0.344726125 0.03515699999999994 0.036133000000000026
1 0.5361333125 0.2861333125 0.02636700000000003 0.027343000000000006
1 0.557616875 0.7050778750000001 0.027344000000000035 0.02832099999999993
