1 0.09756737500000001 0.6753409375 0.07516299999999998 0.076797
1 0.096289875 0.9763898125 0.06045800000000001 0.042483999999999966
1 0.28556525 0.574818625 0.19607799999999997 0.176471
1 0.234540625 0.9842598749999999 0.052288 0.02777800000000008
1 0.43694456249999997 0.598690375 0.15849699999999994 0.16830099999999992
1 0.41852418750000003 0.8776741874999999 0.05392099999999994 0.053922000000000136
1 0.43619825 0.9934448125 0.04084899999999997 0.009803999999999924
1 0.4430341875 0.9345258750000001 0.053921 0.05882299999999996
1 0.4629613125 0.9666241875 0.057189000000000045 0.022876000000000007
1 0.5728846875 0.6615155625 0.1633989999999999 0.12745099999999998
1 0.7923305 0.6543605 0.08006499999999994 0.11111099999999996
1 0.8605818125 0.6641453125 0.10457499999999997 0.120915
1 0.8847716875 0.934091625 0.10130799999999995 0.1143789999999999
1 0.956048625 0.9219961875000001 0.08333299999999999 0.11601299999999992
