1 0.3740234375 0.7452269326500731 0.029374999999999984 0.044090000000000094
1 0.38109375 0.40177267496339675 0.02437499999999998 0.04033800000000002
1 0.3987890625 0.3783206749633967 0.01874999999999999 0.03846199999999999
1 0.4214453125 0.41573041727672033 0.02562500000000001 0.032832999999999994
1 0.4475390625 0.4306251595900438 0.018750000000000044 0.02908100000000009
1 0.463671875 0.8321261595900438 0.02812500000000001 0.02908100000000009
1 0.4600390625 0.9161864480234261 0.01937500000000003 0.05816100000000004
1 0.4755078125 0.3453734172767204 0.010000000000000009 0.03470899999999998
1 0.4888671875 0.4394099326500731 0.021874999999999978 0.044090000000000094
1 0.5322265625 0.7500224729136165 0.09624999999999995 0.1716699999999999
1 0.505625 0.33340693265007315 0.03312499999999996 0.04596600000000008
1 0.5199609375 0.4732510307467057 0.014999999999999902 0.02345299999999998
1 0.5397265625 0.4421106749633968 0.034375000000000044 0.038461000000000016
1 0.5408203125 0.5067244172767202 0.026875000000000093 0.03470900000000011
1 0.56328125 0.19397370571010247 0.04062500000000002 0.06378999999999997
1 0.68625 0.7099389267935579 0.09499999999999997 0.1360229999999998
1 0.73375 0.2162073133235725 0.09437499999999999 0.143528
1 0.7158984375 0.577537448023426 0.02937499999999993 0.056285000000000085
1 0.7257421875 0.5399692884333822 0.023125000000000062 0.030956999999999957
1 0.7583984375 0.4805716749633968 0.030625000000000013 0.040337999999999936
1 0.76171875 0.4470992884333821 0.024375000000000036 0.030956999999999957
1 0.8370703125 0.6239854172767203 0.02562500000000001 0.03470900000000011
1 0.8577734375 0.23220719033674964 0.030000000000000027 0.05253300000000002
1 0.857265625 0.45858380380673497 0.02124999999999999 0.04315200000000003
1 0.92515625 0.902404344070278 0.13437500000000002 0.1697940000000001
1 0.8848046875 0.5865756749633968 0.03750000000000009 0.03846199999999999
1 0.901640625 0.6057495461200586 0.020625000000000004 0.03658499999999998
1 0.9196484375 0.22804331918008786 0.030625000000000013 0.054408999999999964
1 0.982421875 0.8001792825768667 0.028124999999999956 0.12101299999999993
1 0.9930078125 0.4350617057101025 0.011249999999999982 0.06285199999999998
