1 0.3741796875 0.6977880863836017 0.10124999999999995 0.16322700000000007
1 0.0263671875 0.6942012210834553 0.054375 0.07504700000000004
1 0.0595703125 0.9452405095168374 0.120625 0.1050660000000002
1 0.018203125 0.7374674787701317 0.035625 0.08067599999999987
1 0.064296875 0.7032404480234261 0.05875 0.0572229999999999
1 0.0968359375 0.6611407057101025 0.04625 0.06191400000000008
1 0.1773046875 0.816284699853587 0.131875 0.15384599999999993
1 0.1594140625 0.934851411420205 0.08062500000000002 0.12570400000000012
1 0.231484375 0.9344395402635433 0.168125 0.12758000000000005
1 0.2318359375 0.6056093499267936 0.045625 0.07879899999999995
1 0.2625 0.6505672518301611 0.09375 0.097561
1 0.2787890625 0.7247204114202049 0.11187500000000003 0.1238270000000001
1 0.304140625 0.8223956691068813 0.114375 0.13039400000000007
1 0.31609375 0.6120620922401171 0.05499999999999999 0.07129500000000007
1 0.3403515625 0.9024312825768669 0.09625 0.12288899999999997
1 0.4103125 0.9344395402635433 0.140625 0.12758000000000005
1 0.4238671875 0.8026774480234261 0.08499999999999996 0.058161999999999846
1 0.47421875 0.8664415095168376 0.11875000000000002 0.1041279999999998
1 0.4690234375 0.7469367979502197 0.09250000000000003 0.13226999999999994
1 0.5458984375 0.9492911229868227 0.12437500000000001 0.0966230000000002
1 0.56765625 0.717259571010249 0.10250000000000004 0.150094
1 0.5942578125 0.8307244114202049 0.10499999999999998 0.12476499999999992
1 0.60796875 0.6359259633967789 0.05500000000000005 0.06941900000000002
1 0.6544921875 0.6549596383601757 0.08499999999999996 0.10788000000000013
1 0.6790625 0.7427018286969254 0.10999999999999999 0.15572300000000008
1 0.7005859375 0.60853760761347 0.04625000000000001 0.08442799999999995
1 0.7457421875 0.9665448345534408 0.11687500000000006 0.06472800000000009
1 0.7354296875 0.8380709941434847 0.06937499999999996 0.09193199999999992
1 0.7533984375 0.7019778960468521 0.09250000000000003 0.111633
1 0.7745703125 0.7799099941434847 0.08812500000000001 0.09099400000000003
1 0.8033984375 0.902404344070278 0.12437500000000001 0.16791800000000018
1 0.8159375 0.6691448960468521 0.078125 0.11350900000000004
1 0.8571484375 0.7749655402635433 0.09250000000000003 0.12664100000000003
1 0.8639453125 0.6390827364568081 0.057499999999999996 0.08630400000000014
1 0.89828125 0.8798903440702782 0.10249999999999992 0.16697999999999993
1 0.9068359375 0.6925978960468521 0.07687500000000003 0.1135079999999999
1 0.927109375 0.9687194480234261 0.10624999999999996 0.05816100000000004
1 0.951875 0.7815756998535871 0.09437499999999999 0.15384600000000018
1 0.9762109375 0.900142411420205 0.04562500000000003 0.12476599999999989
