1 0.7462109375 0.23688947291361637 0.10812500000000003 0.170732
1 0.2020703125 0.2634099267935578 0.08812500000000001 0.135084
1 0.190625 0.1931931229868228 0.06375 0.09568500000000003
1 0.2262890625 0.33644073060029284 0.11187499999999997 0.17823599999999998
1 0.26609375 0.19772570571010245 0.05500000000000002 0.06379000000000001
1 0.30453125 0.23311925183016105 0.07062500000000005 0.097561
1 0.3364453125 0.3217293440702782 0.11937500000000001 0.16791699999999998
1 0.3723828125 0.42979369985358706 0.135 0.15384599999999996
1 0.3726171875 0.22351073645680816 0.05375000000000002 0.086304
1 0.4573046875 0.3142243440702782 0.09999999999999998 0.16697999999999993
1 0.5280859375 0.2092726017569546 0.10750000000000004 0.17354599999999998
1 0.5630078125 0.35351008638360176 0.104375 0.16135100000000002
1 0.6298828125 0.22000347291361635 0.10375000000000001 0.170732
1 0.673515625 0.40615734407027815 0.11375000000000002 0.16791699999999996
1 0.79078125 0.4192202459736456 0.13312500000000005 0.18949300000000013
1 0.8281640625 0.3221229941434846 0.050000000000000044 0.092871
