1 0.029296875 0.5306601727672036 0.06 0.32457800000000003
1 0.11039062499999999 0.6144919458272328 0.14625000000000002 0.3424010000000001
1 0.0766015625 0.367967019033675 0.065625 0.20731699999999992
1 0.2654296875 0.7994965226939972 0.35125 0.39868700000000007
1 0.268203125 0.32797357833089313 0.349375 0.5365849999999999
1 0.476875 0.629746682284041 0.25125000000000003 0.4268300000000001
1 0.5338671875000001 0.9317397979502198 0.30375 0.1332079999999999
1 0.6760546875 0.3442009707174231 0.28875000000000006 0.45591
1 0.7055078125 0.8048970073206442 0.3224999999999999 0.38743000000000016
1 0.8653125 0.6435460073206443 0.266875 0.388368
1 0.9119140625 0.37422768814055635 0.17437500000000006 0.33489700000000006
