1 0.4453125 0.8244991844802344 0.11124999999999996 0.14165099999999975
1 0.3395703125 0.8366250863836017 0.08812499999999995 0.16135000000000013
1 0.498203125 0.7745095095168374 0.06749999999999995 0.10412700000000008
1 0.6916015625 0.6716440614934115 0.03437499999999993 0.04971799999999995
1 0.7294921875 0.676263963396779 0.022499999999999964 0.06754200000000002
1 0.780546875 0.6902217057101024 0.028750000000000053 0.061913000000000024
1 0.803984375 0.696674448023426 0.04375000000000007 0.05816100000000004
1 0.8021484375 0.7662768038067349 0.02937500000000004 0.04127500000000011
1 0.8228125 0.6240295768667643 0.04875000000000007 0.05909900000000001
1 0.836875 0.7778314172767204 0.03187499999999999 0.03470899999999994
1 0.84453125 0.7452269326500731 0.03937500000000005 0.04596600000000004
1 0.8741796875 0.7594121903367497 0.038125000000000075 0.052532000000000044
