1 0.22093131249999998 0.4044362037914692 0.08943100000000004 0.11144800000000002
1 0.34655718750000003 0.6311232037914691 0.08505399999999996 0.11372199999999998
1 0.3610183125 0.8068238672985781 0.08943099999999998 0.10310799999999998
1 0.33805256250000004 0.2275011990521327 0.03377099999999994 0.09780200000000001
1 0.4330485 0.2387818767772512 0.11006900000000003 0.13267699999999993
1 0.4611584375 0.40794119905213266 0.09318299999999996 0.09780200000000001
1 0.44971312500000005 0.8658146919431279 0.06816799999999995 0.07733100000000005
1 0.464646 0.7347503601895735 0.06378999999999996 0.08187999999999986
1 0.5116511875 0.5497151990521326 0.116948 0.09856000000000006
1 0.699090875 0.15078402369668248 0.05941200000000002 0.07202399999999999
1 0.7618271875 0.12434369194312796 0.053783000000000025 0.077331
1 0.8826373750000001 0.566155355450237 0.07504699999999997 0.06823299999999996
1 0.9058204375 0.385715355450237 0.061914000000000136 0.06823299999999996
