1 0.2612630625 0.6066205395894428 0.23708700000000002 0.17627099999999993
1 0.26498350000000004 0.3731543225806452 0.20491099999999998 0.322882
1 0.3710799375 0.6253314369501466 0.23369999999999996 0.16525499999999993
1 0.36914387499999995 0.3313023910068426 0.15241300000000008 0.33220299999999997
1 0.44323874999999996 0.6391429159335288 0.27349700000000005 0.2203390000000001
1 0.46736018749999997 0.35666277126099705 0.17781500000000006 0.31864400000000004
1 0.5025164375 0.6483980185728251 0.24809500000000007 0.2322029999999999
1 0.580230625 0.6234983646138808 0.20829800000000004 0.21440699999999996
1 0.5942978750000001 0.35183780547409577 0.21676499999999993 0.322034
1 0.6956353750000001 0.6549677712609971 0.263336 0.3169489999999999
