1 0.10161725 0.7964231341107871 0.07186999999999998 0.10611299999999993
1 0.144570625 0.2876591195335277 0.082689 0.138409
1 0.1415986875 0.7099171341107872 0.06955200000000002 0.1061130000000001
1 0.19667125000000002 0.5119007638483966 0.07109699999999997 0.12110700000000002
1 0.211761375 0.6955315860058309 0.075734 0.1118800000000001
1 0.21798662500000002 0.1356509416909621 0.08268899999999998 0.13033399999999998
1 0.23144725000000002 0.597364778425656 0.071097 0.08881199999999982
1 0.25365368749999995 0.33512603790087464 0.06955200000000003 0.11764700000000003
1 0.273669875 0.46352166763848396 0.09119 0.13264099999999995
1 0.306815375 0.5738161341107871 0.07496199999999997 0.10726600000000007
1 0.3808008125 0.679207667638484 0.07341500000000001 0.13264099999999995
1 0.5035058125 0.1329605189504373 0.04250400000000004 0.059976999999999975
1 0.6320443124999999 0.07852548979591838 0.08887200000000006 0.123414
1 0.6596185 0.5361217638483965 0.07882599999999995 0.12226099999999997
1 0.676297875 0.3143640379008747 0.09041699999999997 0.11880099999999993
1 0.7076093125 0.47619387463556856 0.0579599999999999 0.07727799999999996
1 0.7749268125 0.08124923032069971 0.07341600000000004 0.094579
1 0.8116981875 0.5522058600583091 0.08500799999999997 0.109573
1 0.8675360624999999 0.36037323032069973 0.04945900000000003 0.09573200000000001
1 0.9229389375000001 0.5897872157434403 0.07805299999999982 0.12687399999999996
1 0.9237119375 0.7330490379008746 0.0772799999999999 0.11764799999999999
1 0.97780025 0.5998634897959183 0.04095800000000005 0.12456700000000011
1 0.9804841249999999 0.13837468221574345 0.03632100000000016 0.10149899999999996
1 0.984305875 0.907453860058309 0.027820000000000067 0.10957300000000009
