1 0.5253911250000001 0.18837853161843515 0.19196400000000008 0.17769599999999997
1 0.14676375 0.6752139271168275 0.11830299999999999 0.13847999999999994
1 0.3056635625 0.4998067202572347 0.15848299999999998 0.17402000000000006
1 0.29715437499999997 0.7283669839228295 0.10714200000000002 0.148284
1 0.5830083125 0.6778261339764202 0.11941900000000005 0.101716
1 0.7102398125 0.509599192926045 0.13616099999999998 0.22548999999999997
1 0.732143 0.03858520900321544 0.126116 0.078431
1 0.83314725 0.6885327202572348 0.16406300000000007 0.17401900000000003
1 0.8932753124999999 0.18226305894962486 0.11942000000000008 0.126226
1 0.8946711875000001 0.04715969989281887 0.08482099999999992 0.094363
1 0.9232698749999999 0.3222649088960343 0.1216520000000001 0.17279400000000003
