1 0.0517578125 0.4275230497803807 0.10375 0.22889300000000004
1 0.1868359375 0.46351182284041 0.17062500000000003 0.247655
1 0.1683984375 0.8830029575402635 0.0925 0.159475
1 0.2289453125 0.14179298243045388 0.18312499999999998 0.272983
1 0.220703125 0.9452405095168374 0.130625 0.1050660000000002
1 0.4915234375 0.28958860761347 0.09187499999999998 0.08255099999999999
1 0.5305078125 0.25041712298682284 0.073125 0.09662299999999999
1 0.5997265625 0.6977880863836017 0.09750000000000003 0.16322700000000007
1 0.6231640625 0.24791895754026352 0.14375000000000004 0.16041200000000003
1 0.685703125 0.7827152767203513 0.130625 0.21107000000000012
1 0.8103125 0.7950504729136165 0.11124999999999996 0.1726079999999998
1 0.9455859375 0.4787051786237189 0.10750000000000004 0.231708
1 0.977109375 0.18415489604685212 0.04375000000000007 0.11350800000000003
