1 0.2865498125 0.762449 0.13583299999999998 0.1492540000000001
1 0.046875 0.719254 0.094167 0.14072500000000004
1 0.1051171875 0.5645229999999999 0.115833 0.1545840000000001
1 0.113203125 0.6770869999999999 0.06666700000000002 0.118337
1 0.1420439375 0.78318 0.10749999999999997 0.05437100000000001
1 0.1845703125 0.7150270000000001 0.12 0.15671599999999997
1 0.235234375 0.476365 0.10583300000000001 0.07036200000000008
1 0.298723625 0.482724 0.05166700000000002 0.05650300000000009
1 0.3764970625 0.7083369999999999 0.11166700000000002 0.18017000000000002
1 0.4381123125 0.4712930000000001 0.08916600000000002 0.1044769999999999
1 0.534375 0.506365 0.09500000000000003 0.13006399999999999
