0 0.34921825 0.1375 0.5703130000000001 0.25156199999999995
0 0.2888676875 0.45546875 0.226562 0.24218800000000007
0 0.400391125 0.4373041875 0.192187 0.209376
0 0.44609325 0.8466791875 0.22812600000000005 0.3031259999999999
0 0.48398487500000004 0.4197265625 0.153125 0.221875
0 0.686327625 0.6384760625 0.364063 0.11250000000000004
0 0.6087890625 0.36953074999999996 0.17500000000000004 0.21093800000000001
0 0.6509760625 0.835546375 0.20625000000000004 0.325001
0 0.7126953125 0.3619140625 0.21406200000000009 0.20625
0 0.842578125 0.843358875 0.1921870000000001 0.309376
0 0.9560541875 0.8015625 0.0843759999999999 0.328125
