0 0.370546875 0.6561780307467057 0.06 0.02626700000000008
0 0.4253515625 0.8277874363103953 0.15999999999999998 0.23733599999999996
0 0.4339453125 0.6102120307467057 0.12062499999999998 0.02439000000000007
0 0.4090625 0.9074458345534406 0.04812500000000003 0.06566600000000015
0 0.5064453125 0.7795595036603222 0.18312499999999998 0.19418399999999994
0 0.4862109375 0.6552841903367497 0.13937500000000003 0.05065700000000006
0 0.5877734375 0.9317397979502198 0.186875 0.1332079999999999
0 0.639375 0.7845221786237188 0.25187499999999996 0.23264500000000005
0 0.7471875 0.9145821229868228 0.14187499999999997 0.09380799999999988
0 0.7920703125 0.984096159590044 0.05687500000000001 0.02814300000000003
0 0.8275 0.9699550614934115 0.0625 0.047841999999999746
0 0.8416796875 0.9931353865300147 0.038124999999999964 0.010319000000000125
0 0.888046875 0.9809845461200585 0.05874999999999997 0.03564700000000017
