0 0.015625 0.6686132043795621 0.032227 0.07883200000000004
0 0.0166015625 0.31970793430656935 0.03418 0.06277400000000001
0 0.027343375 0.6978106642335766 0.043946 0.04963500000000009
0 0.042968375 0.636496496350365 0.043946 0.07007300000000007
0 0.049804812500000004 0.5824813722627737 0.041992 0.054014999999999896
0 0.1289065625 0.8350361751824817 0.19042900000000001 0.23941600000000016
0 0.1269526875 0.9693435182481752 0.038085999999999995 0.05109400000000009
0 0.15136668749999999 0.9824816861313869 0.03808600000000001 0.029197000000000035
0 0.193359375 0.6496349562043796 0.04296900000000001 0.040875999999999864
0 0.2480464375 0.9255475401459853 0.029296999999999962 0.030657
0 0.27050812500000004 0.9547449562043796 0.03613199999999994 0.04233499999999994
0 0.33886737499999997 0.6437959343065693 0.04394500000000007 0.061314
0 0.349609375 0.6963503722627736 0.043944999999999956 0.054015000000000146
0 0.37304668750000003 0.6729927883211679 0.03808600000000001 0.06569300000000002
0 0.42187487500000004 0.08905078832116789 0.02734399999999998 0.06423400000000001
0 0.4570315 0.1343060802919708 0.046875 0.05985400000000002
0 0.470703375 0.5197083503649634 0.04394500000000007 0.07445200000000007
0 0.492187375 0.468613496350365 0.042969000000000035 0.07299199999999995
0 0.5107421875 0.528467496350365 0.05371099999999995 0.07007299999999998
0 0.54785175 0.8058390802919708 0.025390000000000024 0.05985399999999987
0 0.5585933750000001 0.8934302262773723 0.042968999999999924 0.056935000000000076
0 0.565429375 0.9255472262773723 0.042969000000000035 0.05839400000000007
0 0.5761719375 0.07299293430656933 0.045898000000000105 0.06423300000000003
0 0.584960625 0.8043790802919707 0.02050799999999997 0.058395000000000204
0 0.6113278125 0.33868578832116786 0.04101599999999994 0.06423400000000001
0 0.6162105 0.1051090802919708 0.047852000000000006 0.05839499999999999
0 0.6259765 0.265693204379562 0.047851999999999895 0.075913
0 0.6474609375 0.3445252262773723 0.045897999999999994 0.05839400000000003
0 0.6601563125 0.24379593430656935 0.02636700000000003 0.064233
0 0.684570375 0.7620437883211679 0.042969000000000035 0.06423399999999993
0 0.6884760625 0.15912378832116786 0.0488289999999999 0.06569400000000003
0 0.6933598125 0.6992697883211678 0.04199199999999992 0.06569400000000006
0 0.6962895625 0.2905109343065693 0.035155999999999965 0.0627740000000001
0 0.719726375 0.31240893430656935 0.042968999999999924 0.06423299999999996
0 0.7216795 0.7474453503649634 0.046875 0.07591200000000004
0 0.7333985 0.10948920437956203 0.048828000000000094 0.078832
0 0.7695316875 0.6905107883211677 0.03906200000000004 0.06569400000000014
0 0.7988284375 0.6963503503649635 0.029297000000000017 0.07445299999999987
0 0.821289125 0.7430652262773721 0.03613300000000008 0.05547500000000003
0 0.853515375 0.5343060802919708 0.04394600000000004 0.05839500000000004
0 0.8525395625 0.16058368613138688 0.03417900000000007 0.02773700000000001
0 0.901367375 0.47591193430656936 0.04394500000000012 0.06131399999999992
0 0.9335941875 0.491970496350365 0.05468699999999993 0.07007299999999998
0 0.9355470625 0.31386895620437955 0.04980499999999999 0.04087600000000003
