0 0.060985250000000005 0.8088877056856187 0.10282599999999999 0.10752700000000003
0 0.0592976875 0.7162408160535116 0.069858 0.06899600000000011
0 0.0710164375 0.8910644960981048 0.09262100000000001 0.12276000000000001
0 0.0718744375 0.35414905128205126 0.062009999999999996 0.10394300000000001
0 0.1159855 0.4564981872909699 0.078493 0.11379899999999998
0 0.10976174999999999 0.5504067424749164 0.05651400000000001 0.09498199999999991
0 0.150139375 0.9291361505016722 0.075353 0.12813700000000014
0 0.171679 0.8112110401337792 0.094191 0.1693540000000001
0 0.24540675 0.8418445696767001 0.11774000000000001 0.09587800000000013
0 0.2452704375 0.36763243366778153 0.091837 0.08512499999999994
0 0.241209125 0.6942133968784838 0.066719 0.09856699999999995
0 0.2508019375 0.9352317056856189 0.07692299999999999 0.10842299999999992
0 0.271438 0.7085297056856188 0.064365 0.10752700000000003
0 0.3775403125 0.8811365072463768 0.08948200000000006 0.060035000000000026
0 0.39461675 0.7834744225195095 0.08634299999999995 0.15053800000000003
0 0.4153090625 0.6857748160535116 0.05023500000000003 0.06899600000000011
0 0.47708999999999996 0.48840229765886284 0.063579 0.07437299999999994
0 0.47846843749999995 0.8284459520624302 0.062009000000000036 0.07974900000000013
0 0.5738098125000001 0.9368679520624303 0.0729979999999999 0.07975
0 0.5890506875 0.773368988851728 0.09968599999999994 0.06541300000000004
0 0.6016284375000001 0.5727249777034559 0.09262199999999998 0.129928
0 0.597604625 0.6834190144927536 0.05180499999999999 0.11738400000000002
0 0.617938625 0.46858384169453743 0.08320300000000003 0.11917599999999993
0 0.6256335625 0.8730084336677815 0.06514900000000001 0.08512599999999988
0 0.6936935000000001 0.7084873232998886 0.08006299999999988 0.12634399999999996
0 0.6999912500000001 0.8696639520624303 0.07221399999999989 0.079749
0 0.699608125 0.8085131248606465 0.06671899999999997 0.07616500000000004
0 0.7099671875 0.5289017424749164 0.08477200000000007 0.09498199999999998
0 0.73613475 0.04905239687848383 0.05573000000000006 0.098566
0 0.840147625 0.7272540256410256 0.052590000000000026 0.051971000000000094
0 0.895073875 0.7220544704570792 0.06043999999999994 0.07347699999999997
0 0.91663225 0.5423841248606467 0.07221299999999986 0.07616499999999998
