Orange 279.04 283.83567600000003 356.48 338.93738399999995
Orange 326.4 419.025964 377.6 481.816203
Orange 328.96 328.685554 364.16 387.631186
Orange 357.76 358.79902400000003 407.68 421.58926299999996
Orange 377.6 461.31322600000004 423.68 513.851635
Orange 424.96 442.73289400000004 476.16 505.52245
Orange 451.2 488.86408000000006 510.08 543.965105
Orange 515.2 497.83391900000004 562.56 552.9349440000001
Orange 550.4 458.75061 609.92 512.5703269999999
Orange 578.56 492.708004 637.44 549.09102
Orange 637.44 490.14538799999997 708.48 549.09102
Orange 668.8 458.75061 712.32 508.08506600000004
Orange 675.84 158.25588100000002 727.04 205.669058
Orange 720.0 446.576818 775.04 501.67852600000003
Orange 739.84 386.349878 785.28 469.00175700000005
Orange 766.08 344.06261600000005 801.28 403.00824800000004
