Orange 30.999552 428.99967999999996 58.999807999999994 460.99967999999996
Orange 72.999936 172.99968 96.0 199.99948799999999
Orange 90.999808 273.99987200000004 128.0 296.999936
Orange 104.999936 296.999936 120.999936 334.999552
Orange 104.999936 211.999744 122.999808 243.999744
Orange 117.000192 284.99967999999996 158.000128 318.999552
Orange 126.000128 199.99948799999999 142.000128 218.000384
Orange 286.00012799999996 371.999744 325.00019199999997 403.999744
Orange 288.0 172.99968 330.000384 206.999552
Orange 296.999936 268.99967999999996 330.000384 318.999552
Orange 325.00019199999997 270.999552 359.999488 300.99967999999996
Orange 330.000384 296.999936 355.00032000000004 327.999488
Orange 352.0 179.999744 378.000384 216.00051200000001
Orange 352.0 360.999936 405.00019199999997 424.99993600000005
Orange 387.00032000000004 179.999744 414.999552 218.000384
Orange 446.99955199999994 307.999744 485.00019199999997 339.999744
Orange 499.999744 334.999552 536.000512 371.999744
Orange 536.000512 280.000512 563.00032 307.999744
Orange 556.99968 707.9997440000001 584.999936 737.000448
