Orange 390.774784 656.458105 450.673664 682.1456049999999
Orange 436.412416 656.458105 490.607616 682.1456049999999
Orange 482.05004800000006 567.979395 561.916928 633.625
Orange 484.902912 510.895605 556.2112 579.3956049999999
Orange 493.45945599999993 650.75 536.2452480000001 682.1456049999999
Orange 527.68768 425.270605 604.701696 476.64560500000005
Orange 533.392384 479.49999999999994 587.587584 533.7293950000001
Orange 536.2452480000001 622.2081049999999 610.4064 682.1456049999999
Orange 570.473472 530.875 656.0450559999999 605.083105
Orange 587.587584 276.854395 647.487488 333.9375
Orange 613.2592639999999 456.666895 678.863872 513.75
Orange 613.2592639999999 579.3956049999999 687.420416 642.1875
Orange 621.8158080000001 636.479395 684.568576 682.1456049999999
Orange 638.92992 353.916895 690.27328 411.0
Orange 647.487488 156.979395 707.387392 231.18750000000003
Orange 656.0450559999999 528.020605 715.943936 613.645605
Orange 667.4544639999999 242.604395 738.762752 305.395605
Orange 684.568576 208.354395 741.615616 236.895605
Orange 687.420416 97.04189500000001 741.615616 162.6875
Orange 690.27328 322.520605 767.287296 371.041895
Orange 695.977984 359.625 784.4014080000001 428.125
Orange 704.534528 599.375 764.434432 665.0206049999999
Orange 715.943936 642.1875 781.548544 682.1456049999999
Orange 718.7968 411.0 792.957952 470.9375
Orange 727.353344 251.166895 795.810816 311.104395
Orange 755.877888 79.91689500000001 807.220224 108.458105
Orange 758.729728 111.3125 812.924928 159.833105
Orange 758.729728 459.520605 830.03904 519.458105
Orange 761.582592 182.66689499999998 830.03904 234.041895
Orange 767.287296 142.708105 830.03904 202.64560500000002
Orange 784.4014080000001 225.47939499999998 832.8908799999999 268.291895
Orange 784.4014080000001 365.333105 847.153152 436.68749999999994
Orange 792.957952 662.1668950000001 838.5966080000001 682.1456049999999
Orange 795.810816 302.541895 858.56256 353.916895
Orange 801.51552 48.520605 864.2672640000001 88.479395
Orange 801.51552 259.729395 869.971968 305.395605
Orange 815.776768 88.479395 884.23424 122.72939500000001
Orange 827.1861759999999 622.2081049999999 855.7107199999999 662.1668950000001
Orange 827.1861759999999 468.083105 907.0530560000001 545.145605
Orange 835.743744 331.083105 889.938944 382.458105
Orange 835.743744 156.979395 898.4954880000001 196.93749999999997
Orange 847.153152 19.979395 907.0530560000001 62.791895
Orange 847.153152 194.083105 907.0530560000001 228.333105
Orange 850.006016 373.895605 935.5765759999999 470.9375
Orange 855.7107199999999 216.916895 918.4624640000001 268.291895
Orange 864.2672640000001 45.666895 932.7247359999999 105.604395
Orange 869.971968 265.4375 938.42944 316.8125
Orange 892.790784 122.72939500000001 958.395392 176.958105
Orange 898.4954880000001 82.770605 949.8388480000001 114.16689500000001
Orange 898.4954880000001 299.6875 961.2482560000001 365.333105
Orange 907.0530560000001 0.0 964.1000960000001 22.833105
Orange 927.019008 11.416894999999998 978.362368 77.0625
Orange 932.7247359999999 188.37500000000003 1004.0330240000001 254.020605
Orange 958.395392 88.479395 1009.737728 154.125
Orange 981.214208 19.979395 1021.1471359999999 79.91689500000001
