Orange 61.908992000000005 652.54912 138.875904 731.189248
Orange 68.600832 978.823168 130.509824 1022.326784
Orange 192.418816 498.61427199999997 393.20268799999997 679.320576
Orange 214.1696 993.8821119999999 267.712512 1022.326784
Orange 366.43123199999997 527.058944 528.7321599999999 699.3991679999999
Orange 401.56876800000003 871.7383679999999 456.783872 926.9544960000001
Orange 426.667008 1012.287488 468.496384 1022.326784
Orange 426.667008 926.9544960000001 481.882112 987.189248
Orange 445.072384 978.823168 503.63392000000005 1002.248192
Orange 503.63392000000005 612.391936 670.954496 742.90176
Orange 771.346432 614.065152 853.332992 727.842816
Orange 828.235776 619.0848 935.320576 742.90176
Orange 855.006208 898.509824 958.7456 1015.6339199999999
Orange 936.993792 885.1240960000001 1022.326784 1003.921408
