Orange 368.0 493.98999499999996 398.08 524.103465
Orange 378.24 261.410737 403.2 288.961591
Orange 399.36 245.39302099999998 418.56 271.66256699999997
Orange 418.56 272.943875 444.8 295.368814
Orange 449.28 285.11698399999995 468.48 304.979307
Orange 460.8 559.3421669999999 489.6 579.20449
Orange 462.08 606.755344 481.92 646.4793070000001
Orange 481.92 224.89004400000002 492.16 248.596291
Orange 489.6 285.11698399999995 512.0 315.230454
Orange 496.0 454.265349 594.56 571.515959
Orange 501.76 212.71693499999998 535.68 244.11171300000004
Orange 525.44 315.230454 540.8 331.248853
Orange 535.68 288.961591 570.88 315.230454
Orange 540.8 335.09277699999996 568.32 358.79902400000003
Orange 556.8 111.484041 598.4 155.05261099999998
Orange 654.72 438.88828700000005 752.0 531.7919959999999
Orange 703.36 98.669595 800.0 196.699219
Orange 718.08 375.45807699999995 748.16 413.900732
Orange 732.16 358.79902400000003 755.84 379.942655
Orange 761.6 315.230454 792.96 342.78130799999997
Orange 768.0 295.368814 792.96 316.51244499999996
Orange 844.16 415.18204 870.4 438.88828700000005
Orange 863.36 141.597511 894.08 177.47755
Orange 867.84 299.212738 889.6 328.685554
Orange 879.36 559.3421669999999 1016.96 675.311469
Orange 887.04 387.631186 925.44 413.900732
Orange 913.28 401.72694 934.4 426.714495
Orange 926.72 137.753587 958.08 174.914934
Orange 992.0 505.52245 1020.8 588.174329
Orange 1011.84 276.147145 1023.36 319.075061
