Orange 332.16 421.58926299999996 435.84 533.073304
Orange 0.0 449.13943399999994 55.68 500.396535
Orange 0.0 610.5992679999999 123.52 682.3593460000001
Orange 0.64 476.690288 37.12 531.7919959999999
Orange 35.84 461.31322600000004 96.0 500.396535
Orange 76.16 430.559102 123.52 472.84636400000005
Orange 114.56 505.52245 249.6 610.5992679999999
Orange 122.24 596.503514 204.8 682.3593460000001
Orange 151.04 595.222206 323.2 682.3593460000001
Orange 214.4 387.631186 261.12 441.450903
Orange 220.8 411.337433 316.8 477.971596
Orange 228.48 452.984041 343.04 537.5578820000001
Orange 253.44 517.696242 370.56 606.755344
Orange 295.68 394.038409 352.0 442.73289400000004
Orange 299.52 575.3605660000001 398.08 659.293753
Orange 348.16 595.222206 492.16 682.3593460000001
Orange 391.04 529.228697 478.08 568.9533429999999
Orange 425.6 556.7795510000001 547.2 627.898975
Orange 433.28 465.15783300000004 528.0 555.498243
Orange 496.0 616.3658369999999 623.36 682.3593460000001
Orange 529.28 438.88828700000005 634.24 541.4024890000001
Orange 555.52 525.384773 663.04 610.5992679999999
Orange 594.56 411.337433 650.88 458.75061
Orange 627.2 411.337433 714.24 485.01947300000006
Orange 639.36 454.265349 752.0 560.6241580000001
Orange 694.4 387.631186 741.76 445.29551
Orange 704.64 638.150122 824.32 682.3593460000001
Orange 718.08 541.4024890000001 789.12 604.192045
Orange 724.48 441.450903 819.2 517.696242
Orange 748.16 501.67852600000003 838.4 563.827428
Orange 759.68 559.3421669999999 887.04 674.030161
Orange 795.52 419.025964 875.52 496.552611
Orange 830.72 486.301464 925.44 572.797267
Orange 855.68 407.49350899999996 914.56 466.43914100000006
Orange 867.84 543.965105 972.8 658.012445
Orange 889.6 435.044363 968.32 512.5703269999999
Orange 895.36 642.635383 1004.16 682.3593460000001
Orange 926.72 481.816203 1023.36 586.8930210000001
Orange 976.64 572.797267 1023.36 658.012445
