Orange 0.0 3.8446070000000003 88.96 87.777794
Orange 0.0 213.998243 97.92 346.62591499999996
Orange 0.0 17.299024 104.32 82.65187900000001
Orange 0.0 86.496486 108.8 213.998243
Orange 0.0 87.777794 141.44 206.309712
Orange 0.0 356.23640800000004 155.52 568.9533429999999
Orange 0.0 354.9551 165.12 580.4857979999999
Orange 6.4 222.32742799999997 92.8 346.62591499999996
Orange 46.72 493.98999499999996 332.8 682.3593460000001
Orange 49.28 492.708004 321.28 682.3593460000001
Orange 92.8 256.285505 247.68 387.631186
Orange 92.8 0.0 306.56 99.950903
Orange 92.8 3.8446070000000003 309.12 96.10697900000001
Orange 96.64 253.72220600000003 281.6 375.45807699999995
Orange 96.64 44.849878000000004 381.44 283.83567600000003
Orange 104.32 48.69448500000001 376.32 279.99175199999996
Orange 179.2 240.267106 490.24 525.384773
Orange 179.2 241.549097 497.92 521.540166
Orange 309.12 0.0 541.44 90.98106399999999
Orange 314.24 1.2813080000000001 557.44 94.82567099999999
Orange 317.44 366.48755500000004 568.96 604.192045
Orange 326.4 362.643631 562.56 602.9107369999999
Orange 346.24 395.31971699999997 636.16 643.916691
Orange 361.6 186.447389 432.64 241.549097
Orange 365.44 99.950903 553.6 178.758858
Orange 377.6 94.82567099999999 521.6 185.16608100000002
Orange 377.6 390.194485 624.0 630.461591
Orange 380.16 102.514202 467.84 177.47755
Orange 412.8 133.90897999999999 696.32 374.17608600000005
Orange 432.64 126.220449 696.32 371.61346999999995
Orange 491.52 560.6241580000001 781.44 671.466862
Orange 494.08 545.246413 785.28 682.3593460000001
Orange 503.68 567.6713520000001 574.08 630.461591
Orange 535.04 0.0 813.44 98.669595
Orange 537.6 0.0 805.12 98.669595
Orange 541.44 335.09277699999996 751.36 470.283065
Orange 545.28 110.202733 802.56 292.805515
Orange 592.64 340.218692 753.92 470.283065
Orange 663.04 419.025964 1021.44 650.323914
Orange 700.16 72.400732 942.72 354.9551
Orange 769.92 370.33216200000004 893.44 411.337433
Orange 806.4 0.0 1013.76 131.346364
Orange 808.96 0.0 1015.04 135.190288
Orange 842.24 265.255344 1015.04 415.18204
Orange 844.8 269.099268 1023.36 406.212201
Orange 876.16 490.14538799999997 993.92 682.3593460000001
Orange 880.0 407.49350899999996 1018.88 682.3593460000001
Orange 896.0 413.900732 1023.36 682.3593460000001
Orange 927.36 119.813226 1023.36 277.428453
Orange 932.48 137.753587 1023.36 271.66256699999997
