Orange 0.0 481.882786 94.400512 542.71855
Orange 0.0 107.262914 105.6 209.723184
Orange 0.0 0.0 280.000512 246.544364
Orange 0.0 419.44568599999997 307.2 545.919858
Orange 1.6005120000000002 36.821861999999996 105.6 115.267548
Orange 25.6 0.0 118.4 73.643042
Orange 94.400512 110.464904 139.199488 184.107946
Orange 105.6 486.68543 195.2 518.703966
Orange 105.6 158.49270800000002 222.399488 211.323838
Orange 131.2 40.02317 241.600512 155.2914
Orange 176.0 429.051656 267.200512 513.901322
Orange 212.800512 36.821861999999996 276.799488 94.45563600000001
Orange 257.60051200000004 429.051656 294.4 481.882786
Orange 380.8 0.0 923.2005119999999 427.451002
Orange 417.60051200000004 0.0 457.6 24.013901999999998
Orange 430.39948799999996 28.817228 467.2 84.84966600000001
Orange 438.4 73.643042 497.60051200000004 123.272182
Orange 441.6 219.328472 486.4 278.563582
Orange 446.39948799999996 278.563582 494.39948799999996 339.399346
Orange 452.799488 3.2019900000000003 491.200512 49.62914
Orange 478.39948799999996 20.811912 531.2 70.441052
Orange 494.39948799999996 212.925174 558.400512 294.57285
Orange 505.6 136.080142 539.200512 155.2914
Orange 510.39948799999996 68.84039800000001 539.200512 129.676162
Orange 510.39948799999996 281.765572 568.000512 308.981464
Orange 518.4 0.0 555.200512 36.821861999999996
Orange 534.4 94.45563600000001 588.8 163.296034
Orange 548.799488 41.624506000000004 580.799488 97.65694400000001
Orange 550.4 19.211258 592.0 48.028486
Orange 576.0 252.948344 633.6 323.389396
Orange 579.2 0.0 593.599488 32.018536000000005
Orange 583.999488 70.441052 625.599488 105.66225999999999
Orange 583.999488 200.117214 649.6 260.952978
Orange 595.2 94.45563600000001 652.8 160.094044
Orange 601.6 3.2019900000000003 633.6 49.62914
Orange 604.8 48.028486 644.799488 97.65694400000001
Orange 652.8 276.96224600000005 699.200512 318.58675199999993
Orange 657.599488 216.12648200000004 702.400512 260.952978
Orange 657.599488 118.469538 715.200512 196.915224
Orange 670.400512 232.136432 750.400512 313.78410799999995
Orange 683.200512 94.45563600000001 736.0 139.28145
Orange 711.999488 307.380128 784.0 368.215892
Orange 747.200512 195.31457 800.0 270.558948
Orange 771.2 264.154968 849.5994880000001 339.399346
Orange 788.799488 337.79801 865.5994880000001 387.42715
Orange 820.799488 227.333106 875.2005119999999 302.577484
Orange 843.2005119999999 300.97682999999995 926.4005119999999 374.619872
