Orange 0.0 252.440898 61.44 474.127672
Orange 39.04 303.697999 188.8 537.5578820000001
Orange 45.44 181.32147400000002 112.64 322.91898499999996
Orange 92.8 410.056125 452.48 682.3593460000001
Orange 96.64 41.005954 454.4 407.49350899999996
Orange 360.32 285.11698399999995 617.6 576.641874
Orange 391.68 591.3782820000001 702.72 682.3593460000001
Orange 545.28 80.08926299999999 840.96 391.475793
Orange 557.44 417.74465599999996 887.68 682.3593460000001
Orange 750.08 307.54192300000005 1023.36 572.797267
Orange 844.8 141.597511 1023.36 370.33216200000004
