Orange 181.23366399999998 294.344156 272.811008 388.406268
Orange 311.87456000000003 485.66798399999993 398.969856 581.6493519999999
Orange 324.682752 637.959344 416.260096 724.982496
Orange 329.16582400000004 151.011012 363.747328 233.5559
Orange 387.441664 146.53190400000003 500.15232000000003 258.51129199999997
Orange 425.22624 303.302372 520.645632 385.84726
Orange 426.50624000000005 698.7475999999999 496.310272 764.014964
Orange 443.797504 586.129304 509.11846399999996 655.2360239999999
Orange 464.930816 422.95962799999995 584.685568 506.144268
Orange 685.869056 97.261716 746.706944 158.049972
Orange 753.11104 72.94607599999999 808.184832 138.21344
Orange 865.8206720000001 449.83512 942.6688 507.423772
Orange 896.560128 297.54376 959.9600640000001 355.132412
