Orange 631.351296 652.300362 828.540928 799.3706980000001
Orange 38.053888 742.272791 107.24351999999999 897.995271
Orange 41.513984 655.7614209999999 100.324352 728.4315760000001
Orange 105.51398400000001 711.1293019999999 256.0 785.529483
Orange 122.810368 588.281344 275.026944 652.300362
Orange 245.62176000000002 704.2081909999999 420.324352 782.0684239999999
Orange 278.486016 564.057959 382.270464 619.42584
Orange 300.973056 619.42584 390.919168 666.1425839999999
Orange 428.973056 671.333669 643.459072 802.831757
Orange 660.75648 494.84886300000005 780.107776 560.597907
Orange 662.4860160000001 550.216744 757.62176 612.504729
Orange 697.080832 607.314651 769.729536 655.7614209999999
Orange 759.351296 596.933488 876.973056 716.31938
Orange 795.675648 472.35550400000005 870.053888 510.4211109999999
Orange 828.540928 657.491447 972.107776 792.450594
Orange 837.1896320000001 527.723385 904.648704 570.97907
Orange 852.7564800000001 596.933488 956.5409279999999 655.7614209999999
Orange 885.62176 539.834574 982.4860160000001 622.886899
