Orange 16.0 1.6005120000000002 363.200512 379.200512
Orange 0.0 43.200511999999996 46.400512 102.4
Orange 0.0 497.60051200000004 67.2 798.400512
Orange 0.0 743.999488 116.80051200000001 1022.4005119999999
Orange 7.999488 0.0 176.0 46.400512
Orange 76.8 540.8 384.0 848.0
Orange 126.400512 846.4005119999999 332.8 1009.5994880000001
Orange 251.199488 894.4005119999999 601.6 1022.4005119999999
Orange 256.0 0.0 468.799488 75.199488
Orange 299.200512 179.2 568.000512 459.200512
Orange 305.60051200000004 70.4 454.4 188.8
Orange 323.2 592.0 697.6 950.4
Orange 435.2 0.0 622.400512 152.00051200000001
Orange 486.4 59.200511999999996 702.400512 291.2
Orange 590.400512 0.0 729.6 25.6
Orange 615.999488 241.600512 819.2 467.2
Orange 656.0 603.200512 931.2 940.8
Orange 656.0 270.39948799999996 1022.4005119999999 700.8
Orange 697.6 0.0 1009.5994880000001 254.399488
