Orange 68.056064 510.34627 141.65094399999998 583.139788
Orange 106.04032 150.334156 190.713856 245.28273000000002
Orange 109.997056 451.003154 181.21830400000002 523.7966720000001
Orange 165.39136000000002 310.163924 238.19468799999999 393.243326
Orange 178.843648 439.134668 256.395264 515.884348
Orange 181.21830400000002 49.056546000000004 265.89184 138.46567
Orange 201.00198400000002 379.79223800000005 273.805312 440.7172699999999
Orange 224.74137599999997 189.89646199999999 295.962624 270.602304
Orange 234.237952 272.975864 327.616512 363.96759
Orange 276.178944 357.63786799999997 352.940032 431.222344
Orange 352.940032 420.93646 428.116992 511.928186
Orange 494.589952 71.210916 538.114048 112.35513799999998
Orange 602.2133759999999 11.868486 693.218304 96.53049
Orange 635.449344 326.77953 716.167168 410.650576
Orange 646.529024 175.65373000000002 739.116032 257.151216
Orange 695.591936 300.66899800000004 754.9429759999999 353.681706
Orange 756.525056 23.736972 831.70304 88.61816599999999
Orange 788.178944 341.81322 875.227136 416.980298
Orange 863.3569279999999 215.216036 914.002944 280.888188
Orange 906.0894720000001 361.59403000000003 986.0157439999999 448.629594
Orange 906.881024 462.87164 986.0157439999999 543.578168
Orange 981.267456 369.506354 1023.2084480000001 454.95931600000006
Orange 986.0157439999999 60.925032 1023.2084480000001 130.55334599999998
Orange 993.929216 585.513348 1022.4168960000001 660.680426
