Orange 0.0 213.998243 106.24 370.33216200000004
Orange 104.32 232.57857500000003 279.04 401.72694
Orange 125.44 549.09102 220.16 658.012445
Orange 141.44 3.8446070000000003 328.96 190.29199599999998
Orange 160.0 610.5992679999999 293.76 682.3593460000001
Orange 456.32 169.789019 550.4 226.17135199999998
Orange 506.24 139.034895 581.12 205.028404
Orange 565.12 421.58926299999996 664.96 533.073304
Orange 565.12 115.328648 712.32 224.89004400000002
Orange 636.16 462.59453399999995 769.92 606.755344
Orange 773.76 485.01947300000006 887.68 602.9107369999999
Orange 913.28 247.955637 1023.36 406.212201
Orange 978.56 87.777794 1023.36 165.30375800000002
