Orange 494.39948799999996 516.799488 624.0 632.000512
Orange 0.0 369.60051200000004 30.399488 432.0
Orange 369.60051200000004 487.999488 483.2 579.2
Orange 428.8 433.60051200000004 515.2 510.39948799999996
Orange 515.2 400.0 587.200512 492.8
Orange 555.200512 448.0 651.200512 548.799488
Orange 657.599488 481.60051200000004 750.400512 569.6
Orange 673.599488 700.8 753.599488 819.2
Orange 694.4 622.400512 760.000512 689.599488
Orange 718.400512 537.6 816.0 646.4
Orange 745.6 657.599488 835.2 696.000512
Orange 764.8 688.0 897.5994880000001 796.8
Orange 843.2005119999999 560.0 923.2005119999999 649.6
Orange 864.0 689.599488 984.000512 807.999488
Orange 916.7994880000001 524.8 990.4005119999999 606.400512
Orange 918.4 352.0 990.4005119999999 401.60051200000004
Orange 928.0 619.200512 984.000512 678.4
Orange 950.4 660.799488 1022.4005119999999 766.400512
Orange 998.4 379.200512 1022.4005119999999 460.8
