Orange 764.0002559999999 408.00006 840.9999359999999 472.99992
Orange 442.000384 464.000148 494.000128 508.999686
Orange 483.00032000000004 410.00016000000005 533.9996160000001 460.999998
Orange 538.0003839999999 521.0002860000001 590.000128 573.000174
Orange 542.000128 484.99984200000006 586.0003839999999 521.0002860000001
Orange 554.999808 400.000338 595.00032 432.99995400000006
Orange 574.999552 281.999862 622.999552 323.999928
Orange 645.9996160000001 403.99986 707.00032 460.999998
Orange 677.9996160000001 172.999836 725.000192 217.00000200000002
Orange 707.00032 389.999838 771.00032 440.99967599999997
Orange 755.00032 37.999866 810.999808 114.00027600000001
Orange 755.00032 181.00023599999997 823.000064 249.000246
Orange 826.999808 19.000272 897.000448 92.99990400000002
Orange 839.0000640000001 98.00015400000001 885.9996160000001 177.00003600000002
Orange 885.9996160000001 150.000042 956.9996800000001 224.999724
Orange 929.9998720000001 448.000026 984.9999359999999 512.999886
Orange 945.000448 521.0002860000001 997.000192 603.99969
Orange 993.9998720000001 300.000084 1022.999552 354.00007200000005
